0.000000 0.000000
0.010000 0.057495
0.020000 0.114960
0.030000 0.172365
0.040000 0.229680
0.050000 0.286875
0.060000 0.343920
0.070000 0.400785
0.080000 0.457440
0.090000 0.513855
0.100000 0.570000
0.110000 0.625845
0.120000 0.681360
0.130000 0.736515
0.140000 0.791280
0.150000 0.845625
0.160000 0.899520
0.170000 0.952935
0.180000 1.005840
0.190000 1.058205
0.200000 1.110000
0.210000 1.161195
0.220000 1.211760
0.230000 1.261665
0.240000 1.310880
0.250000 1.359375
0.260000 1.407120
0.270000 1.454085
0.280000 1.500240
0.290000 1.545555
0.300000 1.590000
0.310000 1.633545
0.320000 1.676160
0.330000 1.717815
0.340000 1.758480
0.350000 1.798125
0.360000 1.836720
0.370000 1.874235
0.380000 1.910640
0.390000 1.945905
0.400000 1.980000
0.410000 2.012895
0.420000 2.044560
0.430000 2.074965
0.440000 2.104080
0.450000 2.131875
0.460000 2.158320
0.470000 2.183385
0.480000 2.207040
0.490000 2.229255
0.500000 2.250000
0.510000 2.269245
0.520000 2.286960
0.530000 2.303115
0.540000 2.317680
0.550000 2.330625
0.560000 2.341920
0.570000 2.351535
0.580000 2.359440
0.590000 2.365605
0.600000 2.370000
0.610000 2.372595
0.620000 2.373360
0.630000 2.372265
0.640000 2.369280
0.650000 2.364375
0.660000 2.357521
0.670000 2.348685
0.680000 2.337841
0.690000 2.324956
0.700000 2.310001
0.710000 2.292946
0.720000 2.273761
0.730000 2.252416
0.740000 2.228881
0.750000 2.203126
0.760000 2.175121
0.770000 2.144837
0.780000 2.112242
0.790000 2.077307
0.800000 2.040002
0.810000 2.000297
0.820000 1.958162
0.830000 1.913568
0.839999 1.866483
0.849999 1.816878
0.859999 1.764723
0.869999 1.709988
0.879999 1.652643
0.889999 1.592659
0.899999 1.530004
0.909999 1.464649
0.919999 1.396564
0.929999 1.325719
0.939999 1.252084
0.949999 1.175629
0.959999 1.096325
0.969999 1.014140
0.979999 0.929046
0.989999 0.841011
0.999999 0.750006
1.000000 0.750000
1.010000 0.756014
1.020000 0.759108
1.030000 0.759364
1.040000 0.756864
1.050000 0.751688
1.060000 0.743916
1.070000 0.733631
1.080000 0.720912
1.090000 0.705842
1.100000 0.688500
1.110000 0.668969
1.120000 0.647328
1.130000 0.623660
1.140000 0.598044
1.150000 0.570563
1.160000 0.541296
1.170000 0.510326
1.180000 0.477733
1.190000 0.443597
1.200000 0.408001
1.210000 0.371024
1.220000 0.332749
1.230000 0.293255
1.240000 0.252625
1.250000 0.210938
1.260000 0.168277
1.270000 0.124721
1.280000 0.080353
1.290000 0.035253
1.300000 -0.010499
1.310000 -0.056820
1.320000 -0.103631
1.330000 -0.150849
1.340000 -0.198394
1.350000 -0.246186
1.360000 -0.294142
1.370000 -0.342183
1.380000 -0.390227
1.390000 -0.438192
1.400000 -0.485998
1.410000 -0.533565
1.420000 -0.580810
1.430000 -0.627654
1.440000 -0.674014
1.450000 -0.719811
1.460000 -0.764962
1.470000 -0.809387
1.480000 -0.853006
1.490000 -0.895737
1.500000 -0.937498
1.510000 -0.978209
1.520000 -1.017790
1.529999 -1.056159
1.539999 -1.093234
1.549999 -1.128936
1.559999 -1.163182
1.569999 -1.195893
1.579999 -1.226987
1.589999 -1.256382
1.599999 -1.283998
1.609999 -1.309755
1.619999 -1.333571
1.629999 -1.355364
1.639999 -1.375055
1.649999 -1.392562
1.659999 -1.407803
1.669999 -1.420699
1.679999 -1.431167
1.689999 -1.439128
1.699999 -1.444500
1.709999 -1.447201
1.719999 -1.447152
1.729999 -1.444271
1.739999 -1.438476
1.749999 -1.429688
1.759999 -1.417825
1.769999 -1.402806
1.779999 -1.384549
1.789999 -1.362974
1.799999 -1.338002
1.809999 -1.309548
1.819999 -1.277534
1.829999 -1.241878
1.839999 -1.202499
1.849999 -1.159316
1.859999 -1.112248
1.869999 -1.061212
1.879999 -1.006132
1.889999 -0.946923
1.899999 -0.883505
1.909999 -0.815796
1.919999 -0.743718
1.929999 -0.667187
1.939999 -0.586122
1.949999 -0.500446
1.959999 -0.410072
1.969999 -0.314922
1.979999 -0.214917
1.989999 -0.109973
1.999999 -0.000009
2.000000 0.000000
2.010000 -0.054968
2.020000 -0.104946
2.030000 -0.150043
2.040000 -0.190368
2.050000 -0.226031
2.060000 -0.257142
2.070000 -0.283810
2.080000 -0.306144
2.090000 -0.324254
2.100000 -0.338250
2.110000 -0.348241
2.120000 -0.354336
2.130000 -0.356645
2.140000 -0.355278
2.150000 -0.350344
2.160000 -0.341952
2.170000 -0.330213
2.180000 -0.315234
2.190000 -0.297127
2.200000 -0.276001
2.210000 -0.251964
2.220000 -0.225127
2.230000 -0.195599
2.240000 -0.163489
2.250000 -0.128907
2.260000 -0.091963
2.270000 -0.052766
2.280000 -0.011425
2.290000 0.031949
2.300000 0.077249
2.310000 0.124363
2.320000 0.173182
2.330000 0.223598
2.340000 0.275500
2.350000 0.328779
2.360000 0.383326
2.370000 0.439031
2.380000 0.495784
2.390000 0.553476
2.400000 0.611998
2.410000 0.671239
2.420000 0.731092
2.430000 0.791445
2.440000 0.852189
2.450000 0.913216
2.460000 0.974415
2.470000 1.035677
2.480000 1.096893
2.490000 1.157953
2.500000 1.218747
2.510000 1.279166
2.520000 1.339101
2.529999 1.398442
2.539999 1.457079
2.549999 1.514903
2.559999 1.571805
2.569999 1.627675
2.579999 1.682403
2.589999 1.735881
2.599999 1.787997
2.609999 1.838645
2.619999 1.887711
2.629999 1.935090
2.639999 1.980669
2.649999 2.024342
2.659999 2.065996
2.669999 2.105523
2.679999 2.142814
2.689999 2.177759
2.699999 2.210248
2.709999 2.240173
2.719999 2.267423
2.729999 2.291888
2.739999 2.313461
2.749999 2.332030
2.759999 2.347486
2.769999 2.359722
2.779999 2.368626
2.789999 2.374087
2.799999 2.376000
2.809999 2.374252
2.819999 2.368734
2.829999 2.359339
2.839999 2.345954
2.849999 2.328471
2.859999 2.306782
2.869999 2.280774
2.879999 2.250340
2.889999 2.215368
2.899999 2.175755
2.909999 2.131382
2.919999 2.082150
2.929999 2.027939
2.939999 1.968647
2.949999 1.904164
2.959999 1.834376
2.969999 1.759176
2.979999 1.678454
2.989999 1.592103
2.999999 1.500008
3.000000 1.500000
3.010000 1.597092
3.020000 1.688436
3.030000 1.774134
3.040000 1.854288
3.050000 1.929000
3.060000 1.998372
3.070000 2.062506
3.080000 2.121504
3.090000 2.175468
3.100000 2.224500
3.110000 2.268702
3.120000 2.308176
3.130000 2.343024
3.140000 2.373348
3.150000 2.399250
3.160000 2.420832
3.170000 2.438196
3.180000 2.451444
3.190000 2.460678
3.200000 2.466000
3.210000 2.467513
3.220000 2.465317
3.230000 2.459515
3.240000 2.450209
3.250000 2.437501
3.260000 2.421493
3.270000 2.402287
3.280000 2.379986
3.290000 2.354689
3.300000 2.326501
3.310000 2.295524
3.320000 2.261858
3.330000 2.225606
3.340000 2.186870
3.350000 2.145752
3.360000 2.102354
3.370000 2.056778
3.380000 2.009126
3.390000 1.959501
3.400000 1.908002
3.410000 1.854734
3.420000 1.799799
3.430000 1.743297
3.440000 1.685331
3.450000 1.626004
3.460000 1.565416
3.470000 1.503669
3.480000 1.440867
3.490000 1.377112
3.500000 1.312504
3.510000 1.247146
3.520000 1.181140
3.529999 1.114588
3.539999 1.047593
3.549999 0.980254
3.559999 0.912677
3.569999 0.844961
3.579999 0.777208
3.589999 0.709522
3.599999 0.642004
3.609999 0.574757
3.619999 0.507881
3.629999 0.441479
3.639999 0.375653
3.649999 0.310505
3.659999 0.246137
3.669999 0.182650
3.679999 0.120148
3.689999 0.058733
3.699999 -0.001496
3.709999 -0.060433
3.719999 -0.117979
3.729999 -0.174031
3.739999 -0.228487
3.749999 -0.281247
3.759999 -0.332203
3.769999 -0.381260
3.779999 -0.428310
3.789999 -0.473257
3.799999 -0.515996
3.809999 -0.556424
3.819999 -0.594441
3.829999 -0.629941
3.839999 -0.662827
3.849999 -0.692997
3.859999 -0.720345
3.869999 -0.744772
3.879999 -0.766172
3.889999 -0.784450
3.899999 -0.799498
3.909999 -0.811216
3.919999 -0.819501
3.929999 -0.824256
3.939999 -0.825373
3.949999 -0.822751
3.959999 -0.816289
3.969999 -0.805884
3.979999 -0.791437
3.989999 -0.772841
3.999999 -0.749999
4.000000 -0.750000
4.010000 -0.867838
4.020000 -0.981385
4.030001 -1.090702
4.040001 -1.195849
4.050001 -1.296886
4.060001 -1.393873
4.070002 -1.486870
4.080002 -1.575936
4.090002 -1.661132
4.100002 -1.742518
4.110003 -1.820154
4.120003 -1.894100
4.130003 -1.964415
4.140003 -2.031161
4.150003 -2.094396
4.160004 -2.154181
4.170004 -2.210576
4.180004 -2.263641
4.190004 -2.313436
4.200005 -2.360021
4.210005 -2.403455
4.220005 -2.443799
4.230005 -2.481114
4.240005 -2.515458
4.250006 -2.546892
4.260006 -2.575476
4.270006 -2.601270
4.280006 -2.624334
4.290007 -2.644728
4.300007 -2.662511
4.310007 -2.677745
4.320007 -2.690489
4.330008 -2.700802
4.340008 -2.708745
4.350008 -2.714379
4.360008 -2.717762
4.370008 -2.718955
4.380009 -2.718018
4.390009 -2.715011
4.400009 -2.709995
4.410009 -2.703028
4.420010 -2.694170
4.430010 -2.683483
4.440010 -2.671026
4.450010 -2.656860
4.460011 -2.641043
4.470011 -2.623635
4.480011 -2.604699
4.490011 -2.584291
4.500011 -2.562474
4.510012 -2.539307
4.520012 -2.514850
4.530012 -2.489163
4.540012 -2.462306
4.550013 -2.434339
4.560013 -2.405322
4.570013 -2.375315
4.580013 -2.344378
4.590014 -2.312571
4.600014 -2.279955
4.610014 -2.246588
4.620014 -2.212531
4.630014 -2.177844
4.640015 -2.142589
4.650015 -2.106822
4.660015 -2.070605
4.670015 -2.033998
4.680016 -1.997063
4.690016 -1.959856
4.700016 -1.922440
4.710016 -1.884874
4.720016 -1.847218
4.730017 -1.809532
4.740017 -1.771877
4.750017 -1.734310
4.760017 -1.696895
4.770018 -1.659690
4.780018 -1.622753
4.790018 -1.586149
4.800018 -1.549934
4.810019 -1.514169
4.820019 -1.478915
4.830019 -1.444229
4.840019 -1.410175
4.850019 -1.376812
4.860020 -1.344195
4.870020 -1.312392
4.880020 -1.281458
4.890020 -1.251454
4.900021 -1.222442
4.910021 -1.194478
4.920021 -1.167626
4.930021 -1.141943
4.940022 -1.117488
4.950022 -1.094326
4.960022 -1.072515
4.970022 -1.052112
4.980022 -1.033179
4.990023 -1.015777
5.000000 -1.000000
5.010000 -0.930821
5.020000 -0.863275
5.030001 -0.797346
5.040001 -0.733018
5.050001 -0.670274
5.060001 -0.609098
5.070002 -0.549472
5.080002 -0.491382
5.090002 -0.434809
5.100002 -0.379738
5.110003 -0.326151
5.120003 -0.274034
5.130003 -0.223368
5.140003 -0.174139
5.150003 -0.126328
5.160004 -0.079919
5.170004 -0.034897
5.180004 0.008756
5.190004 0.051055
5.200005 0.092018
5.210005 0.131661
5.220005 0.170001
5.230005 0.207053
5.240005 0.242835
5.250006 0.277363
5.260006 0.310653
5.270006 0.342723
5.280006 0.373587
5.290007 0.403264
5.300007 0.431769
5.310007 0.459119
5.320007 0.485331
5.330008 0.510420
5.340008 0.534404
5.350008 0.557299
5.360008 0.579121
5.370008 0.599888
5.380009 0.619615
5.390009 0.638318
5.400009 0.656016
5.410009 0.672723
5.420010 0.688457
5.430010 0.703233
5.440010 0.717069
5.450010 0.729982
5.460011 0.741986
5.470011 0.753100
5.480011 0.763339
5.490011 0.772720
5.500011 0.781259
5.510012 0.788974
5.520012 0.795880
5.530012 0.801994
5.540012 0.807332
5.550013 0.811912
5.560013 0.815748
5.570013 0.818859
5.580013 0.821260
5.590014 0.822969
5.600014 0.824001
5.610014 0.824373
5.620014 0.824101
5.630014 0.823202
5.640015 0.821693
5.650015 0.819590
5.660015 0.816909
5.670015 0.813668
5.680016 0.809882
5.690016 0.805567
5.700016 0.800742
5.710016 0.795421
5.720016 0.789622
5.730017 0.783361
5.740017 0.776654
5.750017 0.769519
5.760017 0.761970
5.770018 0.754026
5.780018 0.745703
5.790018 0.737017
5.800018 0.727983
5.810019 0.718620
5.820019 0.708944
5.830019 0.698970
5.840019 0.688716
5.850019 0.678198
5.860020 0.667433
5.870020 0.656436
5.880020 0.645226
5.890020 0.633816
5.900021 0.622226
5.910021 0.610471
5.920021 0.598567
5.930021 0.586531
5.940022 0.574380
5.950022 0.562130
5.960022 0.549797
5.970022 0.537398
5.980022 0.524950
5.990023 0.512468
